75.19681974 11.99345477 7.96643910 17.19754179 15.31337448 2.93492521 5.60328843 10.09869874 9.06028572 4.36146336 12.36850754 5.17095424 6.21348643 -56.29302344 -27.83167739 5.98228326 8.01284013 4.85061687 2.94985019 8.74021931 7.08168319 9.80793834 8.38056626 4.81873871 9.15735208 10.03131374 39.19893290 38.17404523 24.08046311 7.11524926 3.80626694 9.89919448 4.59859977 8.41516158 7.66990845 3.31880085 7.59054606 5.25411785 6.21005478 
81.64644559 3.02974347 11.10477770 7.38313222 11.84645829 10.76456840 11.34668494 4.28385501 7.83966109 12.95149950 8.20172016 3.41065890 5.86885762 -67.18900743 -29.38294499 5.04045609 7.43182008 5.75638890 6.15733013 3.52920644 5.32283349 11.00465211 3.11743695 6.03830069 9.90115528 14.39195908 40.84133556 41.16433832 24.17171187 3.78987675 5.40162705 2.11423383 5.77590859 8.92052576 6.00636286 6.14675778 7.37753426 8.61827814 8.40044722 
82.48711830 6.27950874 14.23677667 9.20310396 11.91578064 5.03717533 10.26606009 9.09113313 21.29031027 -1.04914353 2.63169643 9.74023825 4.74484842 -62.87322063 -27.45797635 7.81412684 5.89750164 4.29993382 9.74777582 5.58514485 11.87044843 4.95521619 5.96595468 9.19434117 6.93518569 9.66563479 44.51863944 44.05452795 23.30589509 6.33549443 10.74045497 3.71231638 8.83029181 5.09774149 6.24490175 7.78405157 7.28778275 4.46159452 5.79539519 
82.72038006 0.40623818 5.98186090 3.26292177 10.08795970 12.19917974 5.75792354 7.61925297 7.45063449 6.49699726 2.92445952 1.85728325 4.33510169 -72.07950093 -29.03146864 3.40982699 3.79737876 7.43080784 3.79205386 4.27263440 4.85246159 5.91356364 3.93988365 5.05978694 7.91915542 10.18936565 44.17220050 43.21224321 22.41424696 4.09672498 3.70350903 1.02480048 4.40488823 5.70835242 4.52270664 5.60580828 5.25362410 7.37402173 8.64441422 
82.25868231 4.32105762 7.41135027 9.85685874 9.81969431 6.81400630 5.11427324 3.33788912 11.55368803 4.08979134 3.47154076 6.82245456 5.06442564 -67.85622798 -28.48851757 7.05164096 5.80240690 6.28318069 2.62353650 0.44404911 7.17864363 3.46916257 6.73394392 5.82152427 12.87824115 14.60635394 43.91278041 44.48009250 23.54429827 5.49088208 3.42440125 1.23275148 6.83617284 4.65418270 7.67168728 5.70174533 10.64516423 8.98114599 5.46413586 
81.77289030 6.15817862 10.03191750 12.45284185 16.38307642 5.14094918 10.72026592 7.90376724 15.70984692 3.51347888 6.87260678 10.57074334 2.66036394 -54.56372004 -28.95005053 8.03949005 8.97682744 6.68773646 6.82034703 5.07944147 6.42955746 5.54945833 6.73756754 9.39052738 7.46108066 5.77448272 45.43374039 44.35065030 24.65652193 7.99435291 6.64825993 7.05983025 6.59332891 6.21742815 5.65598134 10.12619211 8.34267243 4.01115384 6.94418562 
76.63530189 0.65121727 8.71382606 9.95429859 13.75830342 14.41497142 6.37214717 11.98905227 7.65599006 22.55378616 2.98811322 2.45228017 8.33358719 -59.05450674 -26.38757485 7.14581881 6.20255461 5.76065653 2.95739072 10.77881066 3.00556839 12.05564544 5.83155218 0.41210531 8.79410811 12.31626884 52.62605095 44.01469295 21.90983527 2.93642851 2.43659301 6.87563411 5.52593699 10.02094176 6.47520087 2.79629833 8.74616346 12.47410953 11.49291517 
79.27233664 6.93063281 10.76940082 16.74311736 8.29754700 4.91418779 11.40667668 16.73101978 13.49781815 5.54359168 7.25381733 8.74967420 4.87867917 -49.58553904 -25.44735152 7.46954842 4.38462644 1.88370882 5.40457395 12.81576677 8.70288255 6.10229426 3.66991761 5.61281700 4.09501730 8.09214199 43.43650025 40.88718121 18.34980740 3.57956502 4.04435160 9.51642724 8.63863757 4.61538376 2.91596390 7.44741452 4.65147080 5.88740482 6.74713594 
80.67102841 2.93576732 8.25572801 8.55116991 6.11504250 6.56838664 6.41829030 13.01594491 3.72963174 8.68919567 4.58514484 6.22747183 6.41681052 -57.65364902 -26.79150286 4.02029899 1.71995935 5.79571614 4.50964656 3.22377914 3.76544962 7.60514279 8.01002007 4.36194817 7.25073551 9.89630235 43.47742407 40.53405026 17.64886472 3.84028806 4.11994925 5.38254066 2.03347895 4.85146241 10.19484446 3.62609659 3.80799706 6.08576630 7.91792465 
78.55921835 4.77260581 9.67593643 8.75581539 9.54807331 3.85418135 7.66677235 9.82542046 10.50375537 15.22531576 3.36296639 8.66712758 4.94078727 -57.01275680 -28.58412844 3.98939346 2.70043398 4.94403301 4.17624752 5.99676462 4.73911781 7.91276329 2.34651841 2.02485925 5.65594749 14.74943760 41.72500021 41.09256707 19.65609013 5.63258922 5.25519640 4.16967049 3.81337265 4.10530941 2.77216839 1.67990302 6.08936291 11.41205144 13.79750731 
79.78774069 0.99744976 7.21260559 8.05563008 12.02785482 9.34771403 7.25468188 8.14723231 5.74354492 6.11085354 5.34321611 6.07752026 4.78182949 -69.79959159 -31.38851152 4.14052948 4.15863300 3.07977384 1.68704928 2.47080441 3.45403757 2.00903161 5.81067300 5.19469805 2.93688524 7.63823269 43.08893184 41.90760863 20.93586196 2.75928789 3.60128225 2.85526882 2.17016497 2.21102890 5.37966639 5.35345124 2.27308471 3.47043019 4.70134745 
82.01022246 9.16293079 11.96928180 18.86787175 2.30003455 9.92555318 8.82884566 5.48404948 3.17320049 3.44237476 4.06716496 8.01857311 7.22588204 -53.29062089 -24.63635373 8.30655659 1.02955260 6.77439001 9.50333057 4.53691880 3.86191441 5.64123717 5.62353180 4.06522651 5.18732841 12.12947052 42.51804139 40.35218443 18.73194114 5.54192309 8.62969541 5.54585033 5.11336398 5.40740698 8.25041851 3.65810616 2.94741386 8.93951214 13.05431857 
78.40562523 4.56022955 8.66575744 3.14572499 10.98122474 17.89566463 11.00868294 5.26105600 12.35999516 9.83411250 5.69576232 11.38279849 0.93641142 -57.52666992 -26.71057101 6.09809132 2.33234702 8.96184244 5.83482898 2.74125533 8.18205973 6.32084284 2.05962074 7.03680841 2.66550038 1.69938749 52.26817995 43.67982684 19.46415191 6.21811048 5.53993048 1.36829248 7.05168265 8.47803233 1.88322704 4.15741392 4.85785916 3.23736571 2.36770056 
77.64436456 3.51825776 5.56808456 12.47870664 3.33404042 3.73865533 9.74537817 1.86767311 19.37969026 6.73820691 3.69634026 12.10660325 6.82188523 -53.85864761 -26.49976253 6.36660920 0.84675933 2.21151745 7.89968612 4.31569634 11.66752386 7.74288108 2.44869892 5.38690937 8.93502176 4.99780504 40.28465140 38.49791232 18.31006477 2.11393569 4.98161556 6.72233466 8.24668567 4.81154627 3.24000170 3.84455481 10.83071448 3.39591073 1.98859810 
74.05383332 0.52474086 4.25421483 5.49180647 6.46949012 7.80440191 6.95678476 9.29662994 18.73325697 3.88514024 3.65589952 9.90275222 8.23371383 -63.32077162 -29.21766950 4.73002109 3.12991357 3.70593830 6.54425475 6.51129206 6.43276593 3.41883311 3.23415282 5.85219210 6.61562695 4.76770540 41.16436914 40.13403666 21.10881563 1.10711125 4.07831396 5.26081225 3.46528881 2.69839380 2.57406161 6.09832128 10.59619513 3.90149293 3.84006516 
75.95206815 0.40469116 10.59488824 6.25181931 15.54884336 13.44189768 8.53472560 -1.94613323 15.23528768 12.42181713 5.34167779 15.13520195 4.24618530 -69.36054922 -29.09824059 6.62560142 6.05140928 5.83763811 0.83877226 0.07028098 6.71409103 13.00178798 -0.82802127 11.02071145 6.71763483 0.07866367 53.92080763 44.49666816 21.31375914 1.99448000 1.17401904 2.02119652 7.09897335 13.25680812 0.40276603 6.21343990 9.52427152 0.17902419 -0.26966335 
83.08545020 1.52956291 8.79396532 23.65524157 10.71677060 10.31400616 10.07111264 8.96799125 9.70698774 9.51204837 9.42409488 4.96294837 7.72187706 -67.23715442 -28.14767083 13.87207032 5.83351621 6.02320300 5.19297776 4.75844588 4.40282456 8.82710239 5.60160378 4.76192519 6.44444622 13.18633838 42.83312978 44.92823107 23.85272946 3.58221416 3.80175821 7.73951417 5.95705616 6.99076977 5.56603613 5.94634098 4.68587030 8.63290596 14.16636615 
81.84986516 3.99479497 8.03915910 18.03867049 10.49012479 12.24678749 8.79139504 11.19352783 9.64861772 10.56587269 4.71780574 5.73668142 5.81459044 -65.76348684 -26.07253263 13.23026856 5.73325140 5.93453953 4.95300789 5.79568802 6.11709276 6.00345951 2.67496780 3.58830894 7.85207637 12.64950472 46.67324919 45.77730663 22.89978124 4.21556264 4.65846005 7.36448491 6.52891414 6.98199606 4.53979058 2.60220493 5.31304747 9.11253516 10.58498467 
80.87275844 3.56980963 5.62321490 17.72376687 11.11921144 8.18692020 10.13706185 8.86676919 5.04193089 11.46822063 8.91736137 9.64890062 4.40341205 -67.26568602 -29.76078323 12.43080303 7.33378514 5.58864163 4.99971315 7.66792801 3.64315045 3.91592965 6.62825402 4.27978383 2.43571689 5.78396865 44.30061331 45.68335955 24.77541236 4.37580409 3.91966780 10.04322908 4.56741792 3.40068920 6.77178635 4.25414146 2.49075735 4.46561081 6.06662021 
81.90266119 3.07771868 11.66156616 14.74073149 7.86445052 9.45057595 2.90772628 0.88511185 7.84147232 0.44086574 11.20770673 7.99036608 5.29563757 -67.65865317 -26.01706625 11.07919925 4.60053129 3.85252497 4.90915334 5.50191122 6.07979168 4.37197516 7.64357827 6.45282026 5.18339019 9.56121329 47.36044222 42.66077056 23.03601550 2.54799572 6.92901889 8.39797453 5.35492647 4.12702926 6.14731822 4.96902383 3.73244408 5.51634003 11.13658468 
79.45492550 7.08258257 9.55603560 21.14306648 14.64584614 13.20536605 12.58176795 11.77104673 14.35362867 7.94605880 5.25134839 6.03775718 6.12486777 -65.88774946 -27.61935775 12.09155859 8.23927261 8.28253156 4.76374928 10.56641220 4.98542903 6.95183364 4.46983532 7.05621439 4.58887364 15.15988636 46.52500998 44.49215955 24.91502656 6.14083666 3.39638370 11.15251288 7.68023324 5.60165973 4.56901486 5.64288631 6.05812998 10.95926642 13.52254533 
82.20420138 3.36263385 5.81809313 8.11782163 8.30839764 -2.69909310 4.92872172 6.26006490 4.71428789 7.92551034 7.83590102 10.57490476 8.41897062 -58.86945113 -32.36168461 4.86921439 8.06943767 2.79379084 6.62817180 8.92596766 4.05619162 8.79813898 6.84884206 7.66965754 8.18782012 11.15736776 41.32389500 39.05125319 22.91748372 4.51651812 6.87229272 8.35465002 5.33223770 4.90651729 4.51372449 6.74098140 6.04884334 7.39481275 10.23616970 
79.33223672 14.59863249 9.11035934 9.85126057 10.12253996 11.39988257 24.73151778 11.34859153 8.08376971 13.33805025 12.94329021 5.15491108 9.43482767 -46.40576112 -21.92915869 4.62652965 2.69144332 9.24216870 17.99950081 2.90042718 3.32639012 7.02704068 10.82207263 6.10032431 5.49854970 16.71799467 42.68274060 41.95569442 19.33581341 8.90193286 13.07876812 2.96544205 3.77650690 5.51374055 9.87763982 5.77891951 4.55428875 12.97040919 18.47222594 
82.82895520 9.37994918 11.29519481 3.59487717 13.99706022 3.85251139 1.05033298 4.02529508 4.92708266 2.38197321 4.65562739 5.40631754 5.62123598 -51.89772767 -32.27371470 0.97356612 12.46263962 1.96463662 6.00586157 6.49330534 9.70609495 4.58332464 8.14783128 6.39360670 4.70252774 10.10367394 43.07674050 39.94555097 24.29725176 3.22163335 7.65966048 5.68408333 11.46046889 5.31196130 6.26277254 4.24221363 4.74736658 6.08473963 7.80947015 
79.23479951 4.60861016 9.07968236 9.85334360 7.20332741 6.61077407 8.52589678 4.12333987 8.59686197 11.02590311 7.93550460 6.87627553 5.78602299 -62.67255259 -33.04136299 5.03243801 3.06694444 6.04690562 4.22744307 3.03879871 5.02786284 5.94262184 2.61953411 4.56332500 4.66591122 6.54523349 44.11192815 41.98253977 19.82580028 5.54636464 1.17878103 1.40661721 4.35938044 5.02212116 3.41460969 2.12856284 2.97448023 4.49997381 3.14942599 
80.57316667 7.14488467 12.64743649 3.79664206 10.92177209 6.82304928 3.43565971 10.08965579 8.89659921 6.68565304 5.80931403 7.59759564 6.03008270 -55.70661514 -29.71342893 5.56034050 11.04273732 3.62177141 7.12618657 8.15767335 7.01253646 7.90637768 12.63813119 7.62731670 5.04609179 8.02944681 42.45609156 40.56997223 25.44901092 4.92240145 9.22984296 6.37560280 8.66201820 4.78645358 9.06376902 5.05069089 5.84915056 5.20590216 7.73092669 
80.76332318 3.99255689 8.59409085 5.89938185 14.71883611 14.69748814 3.02475632 12.00155731 1.69591735 8.32284949 11.06563613 5.39595788 2.70558892 -63.00804173 -28.97941891 4.41456247 9.46449122 4.77999629 3.68320201 8.75176298 1.79193350 3.13861538 7.91000524 6.63049719 4.22808138 10.89699009 43.02080267 39.61621877 22.39619749 2.78677758 5.15656010 8.39988109 6.20179978 1.54916350 8.03912429 6.16147057 3.22690130 6.64587153 8.14606217 
78.00798281 8.72261011 7.78152250 8.15507118 8.62806812 9.81808433 13.18400118 9.30085600 9.40375130 12.89623230 7.59186444 5.89806315 7.72252132 -58.31998416 -30.98773518 4.26910187 4.10648976 11.54514649 6.33503970 4.10751374 6.04744227 7.24136876 3.27718293 1.31260502 4.23179301 7.02592763 42.48007077 41.19410730 19.30163936 10.29900680 2.10355819 2.19547970 6.50220768 5.83322224 2.84480135 1.77108856 5.62318733 4.96232036 3.94176276 
82.49318506 4.34885477 6.83498712 14.92388209 13.72967807 6.60924350 4.69801253 8.93894213 6.36305547 9.40822431 2.61235409 5.38052898 7.70961666 -61.63262499 -29.59079919 6.57635684 6.98254517 2.11818534 9.54430214 7.21783141 4.36758243 7.30883713 8.88897668 6.64469019 7.23468455 15.34734756 46.10338752 41.29607106 20.89230230 1.67437642 9.57584568 7.41014854 5.43840158 8.89797060 8.67466833 3.36574197 5.61679874 10.28059082 11.96144130 
82.38887871 5.82451290 5.98442918 7.66069968 22.61500973 1.50091224 7.84985384 5.44268015 5.26238862 9.13528318 4.07422512 8.29501204 8.38041175 -46.82592421 -25.30449499 6.03108486 11.91049933 3.59666513 7.00193719 4.94718885 2.79493357 10.32183175 8.29791233 5.62926786 8.27785789 12.94728793 41.24284714 38.83651120 23.02003865 4.38650896 7.16337455 5.62326041 5.88196520 9.11816332 5.86922585 3.29177633 5.40444192 10.17711728 10.89074788 
83.86108434 -2.48330280 10.97521377 7.00275345 3.78353886 4.98313298 6.91107741 0.09436910 4.58968193 8.02579354 4.25171926 8.55877801 5.23233133 -60.42021725 -24.70080117 7.51514800 2.59274289 2.40038318 8.21868613 2.05295339 7.33062766 9.56382667 4.18550638 3.70899266 3.63373419 8.15764156 48.73998159 45.11194171 18.33938675 0.31235107 8.43384885 3.10570087 4.50722599 6.31524264 2.49451593 1.56287152 3.07518357 3.46322838 5.72107232 
83.76413921 -0.41603535 5.21467828 18.22943884 6.75259824 1.54360510 4.51942347 11.62191092 0.37298836 10.53032076 10.99183122 1.79649851 5.16479888 -58.09312525 -27.23875797 10.21409424 5.28558111 2.75439010 7.07226972 12.97261424 2.08163675 4.00873440 12.76890890 4.79770112 2.55849087 13.48239074 47.76073566 47.46293889 19.38519751 1.35011040 6.49304464 13.14913444 3.58233764 5.27738128 8.82472888 6.76691574 1.36645921 7.49323698 14.37899826 
83.56716059 -0.99551465 4.88401614 18.15932686 4.74975840 4.31440069 3.91043759 6.71438562 4.35448378 3.89729081 5.91919959 2.55372687 3.33561328 -65.92912058 -28.81967250 12.99423600 4.43052797 4.66593371 6.18791538 6.19590294 2.70457303 3.65962244 5.71881742 2.71335674 5.56921052 7.59661167 46.92632183 47.53468286 20.91338153 1.59286713 6.81994149 7.75000709 2.39641797 2.64416500 4.30425598 4.32687865 4.35014782 4.68160366 5.63825997 
82.62464198 -1.21666525 14.48252614 5.31991090 3.58806449 5.87800701 4.30081336 2.83647388 10.89788017 4.65911170 9.01497494 5.08788073 2.51127984 -65.55943860 -25.55679863 7.57954794 1.44969242 4.71887637 6.14834398 1.37116549 8.43879464 6.24550869 2.82377435 5.88605283 1.52595834 4.84042242 51.25021954 44.02335600 17.08219280 2.09570092 9.62590034 0.70099851 4.14967599 6.00173283 1.31290734 3.10540626 1.35623461 3.41043800 6.71398118 
84.91526298 2.18579442 6.38771327 5.61461548 6.76569551 0.55522288 9.15381002 0.52648894 5.88986221 7.41367405 11.81871085 5.00382005 2.74011609 -66.63003526 -28.76124305 4.79049059 4.35342634 0.61458243 6.84759500 11.70668416 3.81069051 5.56270066 5.84068918 5.40980019 3.67121992 6.29379345 43.38498798 42.25300375 22.80065993 0.87139140 4.75774849 11.82413657 4.18931376 2.59635349 5.47614571 5.14863957 5.20231706 5.16005203 10.84008234 
83.63583789 3.80461634 6.45332411 9.71709160 10.68698487 9.96930477 4.56840048 9.73866215 6.71072062 3.74601703 6.21168189 8.11960950 6.32807660 -61.88819246 -29.23121108 5.37493072 6.05284093 3.45109849 1.60874896 11.54277604 10.08066151 3.07243762 6.82237663 6.41139048 5.54450331 7.70728569 41.92439786 41.84885776 22.17627665 1.67875188 2.49227498 12.29534113 10.83692447 3.65423321 4.91278707 6.37829221 2.54239055 5.56705636 7.84856428 
83.77468663 1.14841521 4.51849232 4.83414927 7.47649501 5.70294575 2.36509074 9.86946638 4.34697160 5.56006182 8.23004377 11.03718489 11.28100038 -59.83005391 -26.05885790 3.31042491 3.51590809 2.79772143 1.89129905 10.66814575 9.48350790 2.58975215 12.60583302 11.03014537 4.68331823 12.70960196 43.94160639 42.85346278 20.33859450 1.54422060 2.24933386 9.47176664 8.89551237 1.68928057 10.21349132 6.95364834 3.53590409 5.20428277 8.32194637 
83.12691224 4.07386300 1.54706994 6.39615535 8.99975918 6.17177511 6.81007874 3.03005772 12.28313406 1.35087064 3.17525234 4.41894009 5.84141701 -62.00208375 -30.12979864 4.56036147 4.78999238 5.22453120 2.26436932 3.72395287 10.89280602 4.92425283 3.97848496 5.81625303 6.48098414 18.33593804 44.18558524 40.89840289 22.37205836 4.47529070 1.36728928 2.07388755 10.08359956 5.85970640 3.69143676 4.44621865 4.51288522 11.97449434 13.86031460 
83.84621555 4.05218201 6.44002250 9.69632077 8.10083283 2.46456661 5.47534715 12.16876427 3.55363292 5.96299618 6.28505283 9.58401940 10.00602567 -65.92941830 -29.17181584 4.71449748 4.88106322 2.15281239 1.65819809 12.07414831 6.48967867 0.86342998 8.18890533 6.08671740 4.94822418 12.25011910 42.18247931 41.25243234 22.23589724 2.49302826 0.95128602 11.33565977 8.41271344 0.42850765 6.51432719 5.89790215 2.27765289 7.02292735 9.38304610 
81.71490977 -2.98196894 5.62806426 24.43478508 1.48853054 9.86425222 7.79462386 3.39949830 5.97897510 10.43372098 9.47770653 4.45385431 6.55073944 -51.89235888 -22.32327219 16.98305579 0.26726679 -0.38910480 8.34267171 4.01271761 5.59743091 6.09271062 3.39344011 5.20658353 5.55829731 9.59992076 50.37065694 51.55686935 18.77849198 -1.90476109 7.62593845 4.72442946 5.66954514 5.53207400 3.63245141 5.20041702 4.31706066 7.35158330 7.24687400 
81.71490977 -2.98196894 5.62806426 24.43478508 1.48853054 9.86425222 7.79462386 3.39949830 5.97897510 10.43372098 9.47770653 4.45385431 6.55073944 -51.89235888 -22.32327219 16.98305579 0.26726679 -0.38910480 8.34267171 4.01271761 5.59743091 6.09271062 3.39344011 5.20658353 5.55829731 9.59992076 50.37065694 51.55686935 18.77849198 -1.90476109 7.62593845 4.72442946 5.66954514 5.53207400 3.63245141 5.20041702 4.31706066 7.35158330 7.24687400 
83.24038891 -1.71919943 6.25206990 17.71915010 1.41965630 3.13284452 13.84922377 4.79382190 7.42072855 6.52003093 5.88791164 8.97122942 6.04618644 -52.46561671 -24.11332672 13.05332363 1.26211593 1.79233909 10.05095409 3.44880281 4.18831512 6.74034590 3.18178027 7.10028151 3.97080035 7.32797528 49.93205230 49.78775381 20.15972189 -0.90818270 7.32619419 5.10990209 2.78388062 5.90882441 3.90275709 6.37652452 4.49253762 4.62625714 7.43504029 
82.71581930 -2.06720897 13.96481152 10.13752777 2.10548497 7.69206429 8.99160742 3.37227886 9.86292285 4.62570464 4.83351882 4.80471769 6.50771324 -52.95992426 -22.27382435 10.55389662 -0.32788648 3.45640012 5.73365776 1.98054349 3.56804321 4.31076105 5.90177083 5.50181623 4.20313147 13.82774450 51.16992492 48.13361119 18.81977270 0.96345860 7.09276004 2.82577413 1.37658321 4.94003448 7.08277321 3.35919331 5.47358144 6.82162636 12.82108290 
82.26239481 0.71701596 8.86261445 20.41394028 1.67510511 5.98744122 12.90846522 3.32270442 6.94062281 4.98812686 9.52482145 7.09420175 4.63677742 -54.68728377 -22.14748007 15.24317615 0.41046349 1.33059018 9.51510720 3.95563168 10.74870189 6.12689512 3.89300401 9.76743692 3.37575412 13.78806275 51.89334969 50.43151890 17.89888696 -1.16986548 8.49732905 6.72972522 9.29669596 5.84285104 3.55855454 7.42861816 4.49990741 7.96385062 16.00799098 
83.40344525 2.55650641 7.10412614 11.36470533 6.78942401 17.08500509 -2.00644735 7.87522900 7.82579982 7.72208148 6.60348349 4.08351936 3.62531973 -66.02708641 -27.82758464 8.62088952 2.45046715 12.29863522 4.21603234 7.81882627 10.05594542 4.37758661 7.53781455 4.27851696 4.39506681 8.34705413 42.60233766 41.09697788 22.20782834 10.91676881 5.85708173 8.48366520 10.66317189 4.41805746 4.91609829 4.85388596 5.46611515 6.35216787 9.85494740 
81.64445643 3.79539826 9.07221501 9.43818998 3.92483742 17.02618022 5.76849545 9.15373271 8.88665454 9.38098069 8.84148344 5.49962824 3.65913956 -54.73391449 -26.58048876 6.83439409 4.28393117 5.04524705 6.86608200 6.75782572 9.76443513 6.25760420 5.62515398 4.65672484 3.92173260 5.91885923 40.31622328 38.58191257 23.24235998 5.47185983 5.23551922 7.09549277 7.94025428 5.53720934 3.48826034 4.14836579 5.62598378 5.58520818 7.94785205 
84.38162326 5.62580471 9.77079791 2.88774286 8.52748784 8.59554989 8.16450346 5.42856232 6.66362241 5.47295654 5.46710485 5.56542806 9.26915398 -47.46010073 -21.43427198 3.66187661 9.83959196 8.68728776 4.37440516 6.11274094 3.36835590 4.07831309 1.39281436 4.92461152 5.90875465 10.11242566 43.42178355 46.05455469 29.69300239 6.66022604 4.16351610 5.48196819 3.38267899 3.87780455 2.01943807 4.09373629 5.40357445 6.13947897 6.96976339 
82.47608633 8.50060511 10.89583088 3.08205656 9.05888211 2.54047186 13.50657636 9.55931045 6.28829720 9.08784557 1.86081091 6.32409677 4.47031533 -47.83280329 -23.51368981 0.88308029 9.89290616 3.13374241 9.36913425 8.84400843 5.97606170 6.77953266 4.18710527 3.50603828 3.19470273 3.76704661 44.44431714 40.52530169 28.21548806 4.53402736 5.71363440 6.59861347 3.15748321 4.23004424 5.55315845 4.23903384 2.69964572 3.52169036 2.78843542 
82.58166927 4.82672076 12.80712946 5.18115803 9.74558190 11.98052694 4.76460690 12.09380888 9.08317519 14.30702505 5.27799879 4.89186410 6.37783008 -59.78603344 -25.89453789 5.58736113 5.96844620 7.55180895 7.69828373 11.49047910 6.83374229 3.82680546 5.61302255 5.25527078 5.97228007 7.07487469 42.94678958 40.58118150 25.52036165 8.36461011 8.33193392 8.88947676 9.61766753 1.61730473 5.75352529 6.33877189 5.99949390 5.41718926 3.94645407 
80.16270017 9.21941097 12.87400415 12.05723535 9.47436796 8.16040482 4.38527132 14.75807197 9.73517913 3.56832219 7.09014822 7.66138516 5.91913339 -59.51772862 -29.90014599 7.42111839 5.54693157 9.83172444 4.13423679 8.09955199 6.01032759 5.13531960 5.20709251 5.40709710 9.30925802 9.51070248 45.84051133 42.52187942 22.85139619 11.22683156 5.86647109 9.78874393 4.80134502 4.77151032 3.41230227 6.17835208 7.34535606 6.37736320 11.44304216 
80.06970038 7.64055536 7.17767188 13.92158048 8.32491472 7.50262161 6.28272354 7.65083941 5.81263767 9.24413578 10.23246656 1.44011527 10.87416775 -63.99252916 -31.83983824 7.40275797 8.36215069 10.37395539 5.01894351 5.98667935 2.69863817 9.22531516 5.57103837 2.13097945 5.19974681 16.06178719 45.04686791 43.59295888 25.73652147 10.12804793 5.96640537 8.80026443 2.03974815 8.01133958 5.95381270 3.86637532 4.36416733 9.04390391 12.36170284 
87.29798234 10.79294226 9.13446893 12.57113902 6.68079116 7.73082583 2.22534560 7.53940259 4.74485205 5.97232260 8.04142689 3.44434813 6.66842597 -58.63833652 -30.54831301 6.94184842 6.47163715 9.86154402 3.40003776 5.48796717 3.24020931 5.83436264 5.86583597 2.97542966 5.23648464 10.42908882 44.06626892 46.23552936 25.38204458 10.47805255 5.67455669 7.46530045 3.43241094 6.05056618 5.04341843 4.84696415 5.25826750 7.04721180 11.29684098 
84.98447025 8.41505392 6.66967990 8.37301789 9.81285269 11.31546031 5.25458741 11.99740840 15.08965924 6.18563394 10.43014264 11.84932432 8.69756495 -52.45213106 -27.33533746 4.71423786 8.41156319 10.19164009 3.06911623 8.64236810 6.03376693 3.26155018 8.66876217 13.83454501 13.89857670 17.99845000 48.23834995 47.14143593 27.51238869 7.39720542 1.38206386 6.53169769 3.49014476 2.69629201 5.81284338 10.57838814 8.52680841 10.93933218 11.94975742 
81.33051480 11.48697840 10.88489274 11.46056323 2.27389847 7.03034732 5.39775887 7.73403499 8.68926278 7.85846418 2.51099326 11.51161635 5.58067816 -57.41882082 -30.26288096 6.46352638 5.47603632 10.53522172 6.24807319 4.16609502 6.53496479 6.81172412 6.37978141 8.70924347 4.41155684 8.74176478 52.50286716 46.64460911 26.20039605 11.96196623 6.15531493 7.68054246 4.34735551 5.73899266 5.28711089 6.86388467 5.27112456 4.29204249 6.78225441 
89.27282906 10.28278243 6.19221835 15.45098336 4.19486530 10.05299737 8.85228458 2.60085289 6.90139058 3.44632330 6.45602285 8.45710911 5.68975108 -52.19314617 -21.76258675 5.07232555 3.15719470 7.85140937 6.48957336 4.15586032 6.27923905 3.55287808 6.01287347 5.15481721 4.60858171 11.35520586 47.27345062 47.19252304 22.96308740 9.83315867 5.54094804 4.75903847 3.24955924 4.15414644 7.05223950 3.46970051 1.60368443 6.26884580 13.93738626 
82.55164319 11.07347714 10.04119865 9.57567907 2.06842788 5.89800562 9.60970775 8.32060563 10.21162220 8.83346747 4.53881783 11.70327966 2.97871617 -55.00184010 -29.35104672 7.11782069 3.77969413 9.95238816 5.94346021 4.27027644 9.43426775 5.50707155 6.91299024 7.52590831 3.77519330 12.82414589 53.57280196 47.92943905 24.03089270 12.32315995 6.36114679 6.92591295 6.80643781 5.03199767 6.24806778 6.71046871 4.46352724 9.60562470 13.93446732 
84.44863842 11.09790940 9.91728002 7.77341655 8.36049491 2.83548108 3.73134455 6.44311284 6.69338960 9.05482501 11.57056395 10.58055216 11.54047104 -53.90203713 -22.22678393 4.88775448 9.42422885 7.32122381 6.58782241 4.88707502 4.17621544 6.69198830 6.99681915 4.07551228 2.99911666 9.45063509 47.23572138 44.28611257 26.63508478 9.64088393 6.69178306 2.90522061 2.94933280 4.51106845 5.56822321 4.95667756 1.29612632 4.93333486 7.78588364 
79.74815784 12.04009875 15.37501468 4.56496597 5.14244272 6.64339764 6.60814308 19.42643428 4.24745580 9.11249103 8.22911499 8.52959030 5.71752833 -48.24168168 -22.34225814 1.63454656 6.54449153 11.32825226 5.17047360 11.86058303 7.45456258 5.58143667 8.58757056 1.76794362 5.39804679 7.66759589 36.45887658 38.55527406 24.96867992 11.45172661 5.36493795 9.04118362 6.77209614 2.99518503 6.36647450 5.10586295 4.93819524 5.29302126 6.33477555 
78.39842472 10.51280591 14.55352569 8.89730536 7.75026456 8.23802626 5.23902795 2.58836550 11.48734719 8.47794738 2.77744820 11.76339740 1.51681761 -51.73570078 -23.86858877 6.01096450 5.48797161 8.86214538 8.48666732 1.59217028 6.82642520 8.69677472 2.09005157 6.94833774 6.74097788 -0.39530967 35.56976693 36.46360634 22.18103241 8.06615629 7.81994773 1.34640948 5.91076926 8.38815711 0.87560367 3.41891306 8.06588695 0.11535703 -0.03108241 
81.80185435 13.68028901 10.55190204 10.49808781 11.04182518 2.65587549 14.56136102 7.62194215 2.27983278 7.04241132 7.02162827 8.92863262 2.19998501 -53.62197206 -24.10787866 7.14230689 10.91252438 9.81229570 6.64871982 7.95515788 0.66950262 2.37619351 7.46285436 7.33689527 3.61813614 -0.67213773 41.08924870 43.94237951 28.06280764 12.06866916 4.66192719 7.96519918 3.10264270 2.61184031 8.97477574 5.97024002 3.29332779 -0.12632052 2.15272902 
83.42074862 10.43516519 4.95428223 7.50548304 2.97575005 6.14424860 6.83033241 4.13706197 4.08978942 8.23733574 13.33811261 8.21217325 11.90992736 -46.38680394 -24.51016970 8.71885118 5.95680897 4.16154978 5.79847658 4.88963932 3.66124915 10.64961137 15.61935311 9.89607258 13.00624607 14.13641202 58.50380881 53.23713166 23.46762227 5.38798471 4.26341922 6.10603370 3.19675207 7.70604766 11.32273653 4.80654171 8.54045598 7.91125654 11.05276269 
83.73066461 10.38173993 13.18792246 10.26064817 9.46006242 9.29330079 12.49274672 16.15148302 9.23549885 16.13776658 16.77231662 6.54460375 3.83130496 -51.78745526 -24.80878236 8.72045262 7.47608668 1.52510661 5.27021517 9.52431621 3.32186156 3.46065550 7.07999144 3.88182217 10.98638263 18.90527334 53.72831885 51.47268756 26.45607130 4.11538200 4.79455478 6.45234214 3.30389201 2.96422395 7.26900952 3.30534079 10.83266125 12.72448329 7.91889071 
79.44802713 11.76883336 14.67186146 9.17509704 12.05724017 9.76201700 3.54678881 4.48768342 16.26658788 4.69732508 12.19646652 8.91852037 5.31589240 -50.04100034 -24.58272319 4.15106461 7.78985939 10.68159780 4.72265007 4.82495604 11.94400768 5.58005910 3.34764696 6.65233212 2.00399095 8.25175084 36.15420168 36.00713693 23.18810361 10.10640202 5.86392492 3.77395958 11.54314069 6.22613872 3.28854395 4.03811817 4.25430752 4.39415880 11.16181239 
81.63402853 13.17990767 8.51275794 8.21239609 8.30751796 4.68171839 13.15862220 2.74093961 6.20308113 7.01942368 5.63384252 5.75424626 6.77049109 -46.50884133 -21.67856180 5.27423782 12.24163044 6.98815908 7.26148265 3.48876941 6.61352348 6.85551641 4.57770976 4.01951200 5.86343282 11.94316199 43.15335808 45.98575329 30.15113282 9.26350560 6.69936920 3.27457757 6.04809090 5.25787612 3.80880891 3.31862228 4.94939397 6.18947035 6.96062567 
80.88408270 10.91859676 11.80256952 14.15393785 1.86236906 8.41564614 6.00710853 14.78893900 12.92624362 3.36865911 13.19313146 4.26590844 8.73552152 -56.15023168 -27.95881102 7.31157619 4.38917948 11.26332578 5.58803277 6.16847909 11.29438187 2.86158161 4.59265806 4.77652526 3.45948713 10.90085648 36.05612085 39.15768311 24.53489510 10.67359483 5.46204266 5.11798231 7.84379449 2.87335492 4.34111200 4.47593551 3.31584333 5.55330365 11.15299527 
89.42777480 5.19401979 11.27457883 13.27345098 14.25776128 15.14520504 4.14282677 18.90179526 8.09223769 8.31602237 12.26941870 4.64101798 8.76139640 -53.98239659 -27.18823863 8.61850295 5.22729808 6.79078091 6.36546863 8.25462501 7.62959221 2.74802471 7.25173509 2.52194360 5.53113551 13.55423205 50.83774712 48.67031263 22.66584973 5.78029096 7.21346848 7.08043749 9.05854526 4.80150183 4.67284833 6.33027953 3.82088640 8.42194575 11.87819457 
80.25223795 4.33659759 10.50669260 15.22630357 9.59248539 14.65062360 13.06868910 7.99080390 20.44683315 1.51407469 13.11673690 3.63845493 11.79298092 -63.16365182 -31.34422074 11.34378349 3.32434711 8.72221663 7.33159569 3.98043340 11.94831319 3.76847205 3.19470594 5.79166361 5.11278451 10.95554007 56.74031881 50.20747645 19.55728857 6.34311427 7.05499152 5.14920483 9.23472625 6.43098791 1.90914892 6.87975085 3.20683487 6.73429640 12.77786379 
91.40867612 7.13503576 8.13096900 14.76828973 14.04848490 15.55091138 5.51915506 16.06783174 10.69839323 6.49265163 7.41923552 4.71294280 9.86924641 -55.85083727 -29.49858921 9.47656310 5.64361303 9.43468194 5.35954653 6.38290397 9.63865013 3.49145908 3.93216429 4.56070802 4.51356201 14.56546908 49.29306807 48.88598891 23.81750823 7.43195509 5.41505742 5.11057576 10.47617305 4.21093838 2.49216880 5.71548217 4.62390633 10.79887055 12.34043508 
91.34902849 10.09984492 14.81233097 10.68093201 13.87843391 5.55554113 9.92517809 8.03122528 6.37655352 7.98469610 3.83755770 9.78346072 8.37424962 -51.28074444 -23.26499125 5.52322633 5.86906456 4.53657571 4.12596712 7.50314554 4.33526547 5.82023273 3.86747144 6.28973717 5.45073548 10.42160460 54.76224534 51.02835095 24.44593416 5.64841424 5.70307571 8.77255407 5.88198950 5.15407637 5.34285755 4.31723555 4.76396100 7.65546116 7.19280928 
88.85429015 8.98324065 17.23509233 9.61719876 14.25848702 8.23322286 9.89596660 5.32780473 5.43910631 7.85102208 8.58906271 7.33295631 12.58121628 -46.02350891 -22.29671143 5.16795146 6.14950314 6.62485185 4.95007571 4.20386046 5.73017468 8.44632600 6.86088802 7.54834366 4.57971408 10.35733394 52.53692499 46.28692698 23.88999814 5.80574465 5.38331446 6.94136657 5.57710656 7.84701551 7.14056630 5.59011444 2.92273274 6.58545190 8.36125715 
90.39629503 6.30265155 7.25487678 3.59596715 6.61703833 8.74063104 10.13709418 12.51808947 11.54083590 10.27685047 8.23311369 5.04577302 6.66881126 -54.22363919 -29.13876626 2.41611193 4.60643866 5.73870758 8.55284238 10.08371973 5.88053203 7.82888141 5.90910932 10.40454845 11.97592030 15.82013111 50.66556187 48.61434223 23.40922481 4.76780190 8.88330665 5.51654066 3.44453987 6.53712351 4.49321409 8.76075202 7.66300789 8.90161920 6.66021396 
78.44352004 8.55723842 18.89519506 12.85065098 5.03551455 11.51154677 4.08632904 6.37981904 5.80541734 9.63594566 5.40924325 3.60205429 5.11336571 -46.78547788 -21.57374199 7.95214891 4.09825749 3.93265175 3.47585201 4.65441054 4.44332350 3.04245747 3.97821500 7.44352433 3.99423862 9.66102413 53.66017544 45.81059644 21.94377583 2.82397819 4.79361943 5.37587119 4.64541144 1.78469609 3.52104398 6.69063565 2.91869774 7.05361362 9.65516244 
80.91818378 10.66122690 11.03229817 7.93625078 11.35393384 5.35218114 5.52290551 8.49494591 17.87494624 13.19528119 11.54204535 11.54877247 7.55621753 -47.77168959 -22.46286586 4.06439951 4.04935594 3.73563662 4.24624995 7.96392370 11.14726918 8.62425989 3.37075101 5.47199702 4.06474082 9.56144162 43.03375149 40.90495812 22.14368890 4.15454519 6.31462701 4.33476370 7.21606949 4.36566745 2.52128732 2.07536775 5.41827254 5.95442082 7.37860155 
88.26817890 5.68199218 19.25780002 10.72770877 11.31352247 5.28067741 5.92926724 6.80173144 6.64198610 4.94959773 5.89395045 4.37169753 7.59311357 -60.30620598 -22.33612916 7.10118923 5.89442704 4.17008023 4.83289265 3.54652693 3.33205973 4.33947867 4.89951913 8.23149466 8.44524324 11.69451861 54.64169768 46.40908461 23.24669987 3.01292225 6.19495065 6.91421519 3.13966779 3.19972092 5.34917393 7.05266906 8.20746137 7.45835313 7.24911018 
81.65970394 11.46991849 7.05729814 5.43079812 3.40618904 10.09393887 15.28219842 12.30763875 11.60422176 6.55691332 4.64562137 10.67022811 5.03365131 -52.24942637 -26.67941340 2.89832987 3.54338419 10.11874887 8.79021499 7.11003560 6.71937017 4.02893450 5.16495383 12.18218306 11.56060704 10.36358785 45.37729004 41.04247743 20.25759470 7.28191836 5.96623250 6.08824813 5.24216524 2.76029708 6.24262488 9.80548120 7.58309402 5.09793257 7.26624244 
80.13825448 8.16745128 18.53592141 10.63929524 9.06707441 4.91910730 6.13748545 4.20943492 5.06593482 13.62719728 5.02664234 7.99126415 11.12091149 -60.85866711 -19.73898453 5.64402259 2.41179254 6.46766047 3.88553096 5.60550004 2.77241474 6.89205108 7.35972678 5.65881888 6.42887059 9.90800477 48.61105610 44.07118421 19.78814928 4.93911513 6.35980929 5.97300194 3.27086928 5.72184508 6.39706613 3.58906020 3.12687098 5.19526564 5.90059757 
79.45634333 13.24872641 10.52156321 4.42258859 8.66626189 7.99547806 5.52416824 10.15842264 9.85591803 11.51850517 7.15447490 4.28138512 4.49902730 -55.47350633 -26.39267461 7.85580559 7.19972986 9.56527079 5.20893753 4.39020649 6.06620977 3.03234025 4.29420484 4.97961240 4.86001190 7.07872066 46.47647491 44.34424648 25.19169964 10.96481653 6.06227482 4.24989378 4.30239155 3.61039694 4.63471768 5.63005886 3.30010605 4.47081325 5.76248559 
81.43629912 11.75062760 8.69788414 4.79323210 9.25851070 12.33772040 5.52800466 14.53958479 11.00267910 10.51811089 10.87663304 10.43151835 6.56865711 -48.57221633 -22.94519499 7.35089540 11.05905999 7.78245790 5.10751232 7.22166714 7.28193369 3.38138236 3.61324301 6.24279600 5.55241918 12.11592204 47.57353332 43.63310862 28.53801852 5.67527054 4.47460730 4.44013693 8.54184555 2.93988478 2.65184873 4.51534298 5.90213855 11.12429463 12.13828002 
84.86930219 7.17767502 11.72158670 9.54059171 4.60376318 5.81598305 8.90319683 8.91587857 2.11421782 7.46328728 14.43641071 10.85636325 8.69448145 -48.88596655 -25.87257765 8.03641907 6.64705713 3.82657207 6.58090758 3.80193642 1.94934227 12.64941486 13.87123478 12.24435784 12.72879399 13.21312113 47.71263123 50.72857667 26.96051523 3.93021660 4.84018153 4.13290433 2.17902101 10.48822331 9.54007380 9.33533630 7.65355412 9.10609035 15.08749441 
81.52459980 4.37238068 8.52671020 6.31964055 7.61005356 8.46644351 2.15050925 12.81724001 11.31561835 9.34000892 9.54437090 10.11865457 7.94967877 -62.25319106 -26.42142838 5.96986759 10.84818317 7.45090775 1.33022159 7.01493622 6.41969227 3.85025942 4.62525468 3.65996002 14.23992176 18.94766630 49.88226577 46.62318032 29.55413970 6.37427201 1.27764464 4.80085529 7.12170605 4.40067082 3.99618880 4.66508352 14.33017084 13.29295371 10.70572543 
83.86060165 1.92224457 10.19125250 9.71178051 5.10535338 8.22721922 7.45093096 4.82867940 11.19285419 7.50132722 9.23111860 11.90843895 12.12482327 -69.20404469 -29.48273202 9.29503949 6.34784927 6.94500213 4.56512333 1.07221400 4.69112778 5.65401339 4.75928185 2.87330962 3.15502259 8.99236452 49.78797903 50.97120619 27.49478279 6.12841285 4.22409775 1.11782855 4.08326614 4.17199694 1.19347954 2.53816678 3.40560240 5.00353194 6.66974539 
82.96966920 1.60340740 5.95217634 6.81178159 3.64499553 6.86034775 8.54943453 2.70217902 6.93533572 8.24897251 8.15429124 8.49688729 10.24721848 -70.72207475 -31.76466818 7.49886293 6.06692992 8.21070499 4.20087408 1.96651345 4.94359909 6.53335955 4.93683815 5.40431572 4.93009376 5.64904044 48.31429228 49.00666377 26.24095235 5.55533880 4.11115604 1.35600164 3.89446557 6.03384057 3.17098542 2.59807808 3.08699422 3.13085369 4.11312004 
82.01890548 4.32638303 10.75273532 6.66454501 3.47037008 6.75569609 6.18204395 11.54560120 6.84213693 10.21093021 6.65045228 5.89184625 6.09182674 -69.04447709 -29.32315866 6.11106413 7.78477609 6.60842542 7.13407964 7.96238347 7.44167078 1.97109180 2.83043171 5.40724951 3.79412078 9.84229694 43.84515738 43.63035347 27.29211837 6.17095439 6.42164135 6.55625444 6.19174155 1.09834633 2.80951448 5.20287959 2.90927833 6.88160422 10.01597943 
83.14605447 -0.81559904 11.72338605 7.14210587 3.27026527 10.08965058 9.70832999 4.87592242 3.98155054 6.03544161 9.12010068 10.91232414 14.63816545 -65.22538320 -25.45712703 8.58507700 7.66524174 8.58230477 5.81729150 4.42900804 3.72106411 6.38503809 7.20637833 3.07341461 3.18927970 7.03786002 47.77696749 47.77653635 28.18691591 6.15205832 4.86157651 1.84526817 2.75856963 5.43363697 7.10977610 2.44051917 3.57366807 4.71261743 7.90700271 
83.35338594 1.71449045 8.80276180 9.88751632 4.42789889 7.89513950 6.45656471 4.39933548 8.73221147 11.46284070 9.90728118 16.82640751 9.12360821 -70.36713499 -30.00533757 7.85757252 5.69369102 8.26576326 4.35137486 3.73228109 8.47939851 7.12666741 4.99864854 7.05266723 3.82820430 8.82180505 49.81925016 49.69208096 26.57000318 6.53898429 2.76911531 3.20569929 5.38232763 6.41296737 5.40451007 3.93710762 3.84471199 6.23394517 5.89909534 
81.95135337 4.71755846 10.03994690 6.46871974 6.17011371 3.84132989 2.72873539 10.03799839 11.52211006 11.97310720 13.42745886 6.96231525 7.69357515 -56.21631035 -21.46479983 5.21596367 3.10624164 4.39364038 4.92751559 5.01585438 8.01777777 4.18771814 6.80902459 2.85789095 7.77139319 6.17313151 49.18798912 43.83433771 20.77396375 3.96361059 6.46561029 3.80325563 4.99759990 3.60373236 3.22310362 3.05375683 3.12048814 3.69886948 5.60514899 
84.21665850 4.60532489 9.16828803 0.87173072 9.34606010 6.78038378 7.73465416 13.90279385 7.21318908 10.96414480 11.14291960 8.04241136 8.00791163 -51.91898955 -23.10646936 5.31667676 6.12429775 6.80678148 3.91294559 6.36053463 4.47210066 4.81769660 4.00912517 3.69041653 3.35045623 5.82164809 49.35595267 44.91039648 24.00434021 5.89738941 3.18735898 3.61459718 3.58755449 2.88691204 2.95279327 2.80327715 3.37820124 3.99213264 5.63422460 
82.84693098 5.21919475 9.96609401 6.86197210 4.53464046 7.14663453 3.71241228 17.00770929 9.95814039 14.14039610 6.80569657 13.43490900 6.17701798 -53.87440207 -20.86921737 7.56468877 2.95447601 7.10500739 6.04769479 5.95321234 6.17813819 3.05210810 5.38582533 4.20768905 2.89442826 4.46405665 49.51717781 45.02796324 22.92403772 4.45976530 3.67434723 1.92028192 4.14203018 2.79523570 3.89776294 3.15802949 3.63940008 5.69121583 5.05509653 
84.01252307 2.86146272 15.10911601 5.97613811 5.52281836 9.83889494 6.22113570 14.55744068 9.17560312 14.81774619 8.02688838 9.16215329 7.33158516 -53.18107706 -23.12393881 6.46224357 3.74284904 7.03406522 3.80846248 7.31193540 5.32343386 3.83619612 5.60972406 4.73247847 6.20727948 5.55414211 48.47968523 43.32801267 22.53694060 3.75849498 4.30268035 4.27957045 6.21885897 3.24804897 5.18388475 4.82094491 5.96656607 4.25492331 5.14120192 
87.12756735 8.70960178 4.53433591 2.96619417 6.37311040 4.49591752 6.74368288 5.07741625 5.83266867 5.07369969 8.33362486 6.67141241 5.11155485 -49.60792557 -23.15656569 4.96200325 7.57547374 4.49704867 4.15292923 5.97105798 4.94828081 5.90015797 11.22289560 10.14889528 8.56441376 10.49586677 49.30596254 48.71910567 26.32233897 5.12776089 3.60059249 3.92962941 3.92446230 5.62762554 9.56774723 8.31394735 7.34344033 6.98975082 8.70619756 
83.68430815 2.69833271 13.76471479 11.71398054 6.44322201 4.39874873 5.56340228 6.22084433 10.54676439 5.01703971 13.22321805 7.13640798 9.18714422 -54.82492254 -20.29233550 9.91583496 3.19843173 2.84257245 6.91778636 9.22587477 8.76628961 3.49972147 5.66312761 3.71393911 4.67589284 8.93084353 53.51366506 45.85980018 21.51738285 1.94027066 7.01916700 10.85707220 6.67173640 3.43144411 2.76484588 4.30326409 3.56208649 6.65350979 8.39757828 
83.45781172 5.38397583 8.16813456 3.67999692 7.61639814 12.80488488 5.33954076 7.45487212 9.47585335 11.04019964 13.27472551 14.89978707 6.98877479 -62.25529562 -26.85578078 3.85231749 1.80816264 8.25673596 4.68419102 5.12789175 8.46716529 4.41205875 7.21676508 4.24926711 4.00253569 6.54988727 45.39927153 44.93597025 22.40968190 4.57994527 5.83862622 3.18197790 9.83751044 4.40488150 5.38267377 5.14588105 2.93804051 4.79309177 4.92946570 
82.19473544 2.94904460 12.43605536 7.32085708 8.86460832 14.90703007 3.50029967 9.80674935 11.16799382 14.02013277 12.64652575 11.77875719 11.84276454 -57.95935319 -24.29831521 5.36637279 5.32783969 8.71772015 3.22620218 4.93327903 7.30655659 6.64532070 7.89563542 4.76059259 4.36057538 7.97211134 45.15241678 44.31402445 23.38918211 5.09505315 3.89052149 3.95815446 7.21849916 5.09353296 5.24093498 3.62336287 2.55956303 4.77067798 5.15949191 
89.41830807 1.25085450 7.62816562 5.40811271 7.48022361 11.66328616 8.81306043 6.53332463 11.50028036 9.84579170 10.82556384 14.15863353 11.15706353 -60.09628497 -26.85948692 4.54529457 6.53522891 7.23025725 6.04506093 4.52894717 5.29989241 5.43423900 3.46577997 6.08701519 6.63241262 8.76830660 50.17286760 48.67152681 25.34994356 3.50001649 4.05029853 3.71855272 4.73308865 4.40723799 2.85682709 4.50083078 3.71505625 5.24164468 5.57218030 
86.22286718 7.31631669 4.16745525 2.59621918 9.32290546 2.49375328 12.91280750 8.48730041 9.31808345 8.00340577 3.83167082 12.75067239 8.38169479 -50.05749105 -23.90081022 3.69767923 6.16092729 2.54963289 6.53010907 6.43861456 3.77379238 4.43120723 4.86980152 17.14063089 14.29019249 17.12074668 47.67254210 46.86780212 23.79163041 2.86572031 4.34377100 3.76737529 2.79381625 3.55055684 7.27746315 12.88615809 12.82294677 8.34831595 6.09067081 
84.20753711 8.84121712 4.19348913 3.59285272 3.83428976 5.88852686 3.13316764 1.97311426 3.85001806 7.33929875 17.87912985 15.14538008 5.85116470 -57.84919621 -29.62543160 5.10129531 3.55841098 3.43311264 2.16324088 1.44618873 4.06568023 10.60661782 18.35726413 16.65671764 7.20088318 10.66859976 47.35182710 47.05401852 23.83530274 3.93045562 2.90099717 1.68731239 2.72122722 9.99252790 12.62631328 10.45311020 3.06911861 9.40300826 19.18021722 
83.54549178 1.98952981 4.79746621 6.80489249 4.38725381 5.91279975 6.83420020 3.70767354 5.63138058 12.12431766 12.60780017 6.89280285 17.21662605 -63.42245899 -29.23437104 3.86625363 3.03652275 4.96424252 7.64435785 2.46671916 3.82326736 9.38379880 6.86945698 5.17854888 6.43991905 10.33613125 44.84609645 43.73141502 22.07675827 3.20818784 5.90831397 1.57381574 2.01894501 7.83091932 5.55929892 2.84892158 2.69137680 5.94210320 8.84501898 
84.81604119 11.75447644 8.06227535 3.88596151 12.21764299 4.09264519 10.07081030 13.89653866 12.17338732 13.39087031 15.43669456 6.66900800 9.87832734 -56.02451769 -24.02812474 7.02012226 7.62503688 3.50661718 3.52252389 6.17780115 3.93285657 8.47313894 6.07462719 14.86495724 15.65316306 12.62722337 49.51503893 46.98962674 25.55318624 4.17531579 3.13333340 4.45324871 3.64395111 3.50148260 6.25726152 13.99712270 11.81953302 7.53950448 8.00281228 
82.76570696 3.35718305 6.27729297 8.56286350 3.81271014 9.78230782 9.33948257 7.99974676 13.70205966 9.32606142 18.71933530 14.49575328 12.55638727 -58.84670094 -26.58800422 4.93242729 2.52356683 6.59559281 7.57307941 5.06293124 5.95601319 9.78254526 5.28837892 7.47818605 5.76467528 12.75006486 43.64685488 41.61397362 22.09254747 3.58106659 5.09791845 4.11066067 2.18808704 8.17766825 4.74522612 4.20580331 4.60272625 8.56368413 8.43431575 
81.72482819 5.96883987 19.22466503 4.16561604 12.54189241 4.99649365 7.95323945 11.13267043 6.66996705 6.29104902 4.06631631 8.51172550 7.57951717 -49.86212824 -20.79146675 4.26467161 -0.22034009 4.15775974 2.51106440 4.40359528 3.29235262 7.18612558 3.21588415 3.45930602 4.66890127 9.76442357 50.89469123 43.19570742 17.41692870 3.34153196 5.54652922 3.22463701 2.28307119 5.89501325 4.89886200 3.64472306 3.39014819 7.79756583 7.15334389 
83.27634143 2.36508757 17.88288935 8.89060006 10.77358137 2.28998801 7.15531379 2.20408505 2.99570111 2.46191569 5.22361631 11.15829887 11.73437946 -47.79866954 -20.07422973 9.89937662 3.70559141 3.84363518 5.87682389 1.49848108 2.84353037 6.37987762 6.61687123 5.95681289 5.17425099 6.88541879 49.27707651 43.87432075 23.84744565 3.02380298 6.37521259 4.11744877 2.26086075 4.05016661 6.46589073 2.82728025 2.17281899 3.72842008 6.17221890 
86.12536951 8.47930886 6.70034701 4.76955520 6.29116675 6.28495160 10.45793386 3.36775261 5.83802519 4.60815679 14.04618473 6.91607640 5.61650758 -49.48816357 -23.36503800 3.69565905 5.31860652 6.86273988 7.41145045 3.74729419 3.66259839 4.80632035 16.23941393 12.23822162 12.21274317 10.69906737 43.61772617 44.48549676 24.32716833 7.67945236 6.47074503 3.03843471 1.78558720 6.43181427 12.38990787 8.59900808 10.07225801 4.79848639 5.94153937 
84.03670556 2.79063938 17.18730094 4.35853297 13.07045018 5.58890993 10.15635891 7.52732036 6.67111129 5.79408482 5.63617791 11.39667458 9.78309434 -50.21449038 -20.05139045 3.03868989 0.17576304 4.47985783 3.12816420 5.36134305 3.95623957 3.72542388 6.42921744 4.80808892 5.61941657 8.65837773 50.86038966 43.86641192 17.99248998 4.15771139 3.69149985 3.89642768 3.13948717 3.19280079 5.67777599 2.80606622 3.76833407 4.99796511 5.69044692 
80.50097815 3.76986667 15.88987890 7.11885513 9.86181333 7.68379689 3.69161464 7.36521094 7.58403903 4.61224685 10.77416487 10.69149760 17.76481955 -51.70380501 -21.48831321 4.87906803 1.66412091 5.81062930 2.97439834 3.11053915 5.56598145 6.53248357 6.50815321 6.44157643 3.94923363 8.23235788 44.93903664 40.04789205 19.10654039 5.36793632 4.13695310 2.40390412 5.96876548 4.85050900 4.86931734 2.73555384 3.98488442 5.54588597 9.85649220 
90.30674922 5.43197216 12.22727297 2.40817271 8.40929523 1.83606918 9.02462416 10.11033796 10.32181955 6.13221789 12.91957465 13.11498321 15.36832317 -48.49269344 -21.69463685 3.70899836 1.84207913 6.15474664 4.12855378 5.44117323 6.45637055 6.68226561 4.13315758 5.56834992 3.74151684 11.12221432 50.41155224 48.31045787 23.02709029 5.71577375 3.95711435 2.30306618 6.53650874 5.01288489 2.77294636 4.07501326 4.88783929 6.86596172 9.86611716 
81.84884789 3.39538037 11.61333515 8.00251831 8.15596209 9.62646449 1.94044357 14.61315882 9.43598279 6.83530549 11.60271263 4.34352157 5.82488292 -59.24008136 -28.71542451 5.62336861 8.69199390 6.65385056 6.66141747 9.12370320 9.95204241 4.44173276 5.54338244 3.48272885 3.60673933 16.34977637 46.89069898 43.12888585 27.22720796 5.19437157 9.67536746 7.40836566 10.22055722 3.43426729 2.38607515 2.49029393 3.20000469 12.53952728 13.41549616 
83.97060759 9.87842171 12.12055957 3.59611124 7.95971542 6.98238964 10.62931993 4.86831491 9.40717611 3.68347854 5.03454659 6.59213280 13.37045238 -53.96964025 -24.45599679 6.17403084 5.36346836 6.10175430 7.16161230 5.84543935 3.50500224 4.78541679 5.07053979 12.09648140 15.45923815 21.70446972 53.82199804 49.73104535 24.44349489 6.70314394 5.14893744 5.82113576 1.49221159 4.43461933 6.00382977 9.07866612 10.29745497 13.36569849 11.42522298 
81.58722238 4.18965336 16.20960455 3.51769562 11.52081397 7.87230351 9.23361577 11.04021824 3.88816405 8.41620536 1.26047047 9.78159957 6.75377250 -66.74391981 -25.63029654 4.07713997 13.06527933 7.48775322 7.66230530 11.95229478 2.76191470 2.79928417 4.46310215 11.11705871 8.12996574 3.74348637 48.58456711 44.43632571 30.16262711 4.34777048 6.67964472 9.61821326 2.94112284 1.25534557 3.97597192 8.92406698 6.55540061 3.17043036 2.93962903 
81.05011216 3.60474761 11.70527081 3.06497826 11.43119736 5.29304380 0.70308698 18.47668203 5.71864778 10.44708559 4.26819341 4.69319801 2.71692888 -72.59199107 -29.85954478 3.32841778 12.48731415 3.81881574 4.50960226 13.77533680 6.14206485 1.00804230 4.82394432 2.47477310 6.03371949 5.63903749 47.40135195 42.64228544 29.77050281 2.91318488 7.66730843 8.83008847 8.51069960 0.97049245 4.51662918 3.88548881 6.99653475 3.99451330 5.00690980 
82.16562187 1.70872994 14.88164545 3.27154261 9.36769395 1.26627536 11.69574679 7.85917543 6.63621770 2.57256151 4.57366366 4.31846773 3.23755623 -65.74213365 -25.93778400 4.43063495 11.18854914 5.45824687 8.08993033 10.34162280 0.99285353 1.86372528 6.25241599 6.22499422 4.56862037 7.21623326 47.06394400 45.40989715 29.02919707 4.45578908 5.82748430 9.16067759 2.76244813 3.04991540 7.66985370 5.82037090 5.46157640 4.03996529 8.79967746 
