85.95227072 8.75692917 5.89207653 9.99378562 6.18301539 7.32796440 6.08682999 5.99666912 7.27943637 17.22201828 17.61912768 7.61292302 12.60524280 -48.16888324 -22.54862894 7.69171105 5.99430252 3.70532849 3.91492067 2.39291345 8.38764727 17.10888995 15.10059450 11.72374782 7.78306376 20.80176980 52.09601489 51.47017048 25.69246113 3.09839879 1.78330604 1.88508175 8.61994086 13.06176479 10.07899865 7.90235390 4.38868524 17.51379463 20.68881843 
81.47246908 10.81261286 10.63034806 11.66092792 2.05887129 7.88504272 2.90969662 15.09133912 4.99879807 3.15127709 9.72127070 1.20440206 6.93028615 -58.00880346 -28.86597726 5.97932659 6.90894233 11.20166929 4.18870375 9.86293888 8.03942329 1.90051672 4.67429207 4.88185846 1.97309063 11.81633264 38.95423020 41.10934012 26.85585502 11.32278886 5.34950570 7.13130295 7.51730193 2.70142242 3.88602076 6.29859786 0.60713543 7.61750844 10.96949700 
83.40731421 7.24883143 -1.16727200 4.22540552 5.15818194 9.99924498 8.88864033 10.91504300 2.51812124 17.68593992 11.01428617 4.77881457 13.56953723 -63.95585266 -37.11162722 0.46390625 4.37116904 7.70709953 5.21054783 6.99416344 9.24461061 17.22429951 9.71733728 4.22665985 4.32271563 25.11423365 41.60672304 42.42378000 23.43568855 5.99153749 1.65416176 3.80937757 9.73962534 12.12943259 7.88824647 4.87659644 3.97648007 19.86477591 21.28175401 
87.28602559 2.04353757 17.97918270 3.32350717 9.73588603 4.84880736 3.38797965 4.89475311 6.96733447 6.93203222 8.59169866 6.11526987 5.60567003 -48.28761509 -21.98171050 2.66025147 2.73732744 3.16377945 3.04079249 3.21905448 3.39672208 4.80534019 7.67291142 3.01115511 5.38189011 10.91127798 50.13159206 44.43409802 23.74489387 1.64739717 2.87855900 3.29125303 3.48730963 3.25625978 4.55576350 1.83912074 3.89287998 7.13498593 5.52938787 
80.00258423 11.96065255 4.18913779 14.06452472 4.17581707 5.86443854 8.65375845 5.76870772 10.43685279 7.82286316 7.11326694 4.47324834 4.11958290 -61.73328960 -33.11377821 8.58683907 4.57172030 8.73075745 10.39472321 3.38876851 6.74970941 3.45637860 3.63746620 5.53152758 5.55706284 10.24745879 44.04948235 42.09913587 24.85356502 9.19468410 6.26329919 4.66332793 4.78354431 4.26171148 4.68189087 6.49233738 3.78052339 4.62990236 7.40250675 
84.62524428 2.70477444 7.85352781 7.56792470 7.66473802 10.57247076 4.44203900 9.79347694 11.91106375 12.62717972 10.19812001 12.75401639 9.96224711 -71.17582959 -29.12587386 9.10485129 6.67001180 6.56423144 2.77760722 2.58034733 5.69652160 6.75654111 3.95920854 3.31983460 5.32945265 8.34827283 51.54145036 51.58325910 25.37387459 6.30423900 1.96716459 0.89944294 5.99487971 4.75357879 2.74612140 4.07583053 4.07658420 5.37777021 4.17093251 
81.31871074 -1.31637165 11.34033690 7.06151313 5.53543607 3.30943121 5.14877410 3.09369375 6.26945763 4.17526063 6.51384098 4.72879358 8.81921932 -53.75377490 -20.73288713 9.77323182 5.52094137 2.56164033 5.68677089 3.72728435 4.16189007 6.43537987 5.31009693 4.07010818 3.51515175 12.78642621 51.19814913 46.23481323 23.94455706 1.13066619 4.83712733 5.16809072 2.25805729 4.38901401 4.65362470 4.19555850 2.49476925 6.17533911 9.52605953 
82.24612544 4.78463578 4.80536594 5.88464105 7.48222970 13.85042675 7.28249063 2.41966069 4.62118115 3.95876962 8.88567876 10.72441659 14.37801915 -62.25740077 -29.90877836 4.26557738 5.31049171 6.81157382 6.18236745 1.75517727 3.78122684 5.96587569 5.52271140 6.96311047 5.46150752 10.71727733 44.39761462 44.29280386 23.67144956 4.00955951 5.09943634 2.64575859 2.26381165 5.35422521 4.17103845 4.34789330 3.88186190 7.16048685 9.21982164 
86.75138835 3.36957111 14.17044790 5.54152749 8.07798409 5.33709384 3.46470129 3.64069139 4.46008412 5.01548503 9.52971873 12.53237785 10.62563739 -46.62728742 -21.48503832 5.50418179 2.45264891 4.18106979 4.63783554 4.07827645 3.73304615 5.17990037 5.22452108 7.30110001 3.75456537 6.05279470 45.57146469 44.59678312 22.35312582 4.55131315 4.66078360 2.74742290 3.18655582 5.45276339 3.38204753 3.31866027 1.71486807 3.20931038 5.90213885 
82.18781479 9.13177839 9.50420716 8.90547000 10.04832780 10.07507029 4.70285357 2.23622560 10.48727506 5.96082478 7.92093990 7.01722648 7.79494528 -48.31675954 -21.45748730 7.75160519 5.64495543 7.16548751 6.35095667 1.77164616 7.69488375 6.83708815 4.73243178 3.47035968 3.94220399 3.50510542 47.21726303 48.24756273 26.22740580 5.74846357 4.04181684 1.91991886 5.20337422 7.40780754 2.67508558 2.18159327 2.38715944 4.10701499 5.46446879 
